3 211 4737442.497499943
68 210 6003911.277499996
68 287 7133370.9375
68 68 8102773.047499999
68 145 10245746.0975
68 216 10931712.4475
68 139 11504699.1275
210 69 14460633.872500002
139 287 14631303.6975
139 68 17327962.377499998
210 286 24361502.69749999
210 287 25597258.7975
139 216 26825744.5775
210 68 30675627.56
139 139 32890449.44
139 145 38145153.4775
139 281 39255389.7475
139 74 40236154.9025
139 3 41394719.0
139 210 41451548.5775
281 287 46511496.56
210 216 50572504.04
285 68 55949071.452499986
281 68 57120306.9475
283 68 60546483.71000004
284 68 60546483.71000004
212 68 64069872.03999996
213 68 64069872.03999996
210 139 65116961.96
214 68 68887650.34749997
143 68 75939735.6875
210 145 80667823.94749999
141 68 80956627.30999994
142 68 80956627.30999994
282 287 87620129.88999999
70 68 94429325.75
71 68 94429325.75
72 68 94429325.75
210 210 95114960.0
281 216 97058754.75999999
144 68 106941815.84749997
210 74 112479685.76
211 287 114585913.45999998
286 68 115920910.62249994
215 68 115932920.84749997
210 281 117191621.5475
73 68 120868468.90250003
281 139 128409752.44
140 287 133017788.5625
287 287 145189078.04
69 287 150641485.94
281 145 164514037.7275
216 287 169440130.89749998
282 68 183888628.9375
145 287 183914207.35999998
287 68 186429461.6875
74 287 193794762.8775
2 286 198638111.16
281 210 200312955.0475
211 68 203868019.2025
281 141 205393483.65999997
281 142 205393483.65999997
281 143 205393483.65999997
281 212 208217463.01
281 213 208217463.01
281 214 208217463.01
281 70 214835056.09000003
281 71 214835056.09000003
281 72 214835056.09000003
216 68 226046583.965
140 68 228764848.0625
281 283 230415064.62249994
281 284 230415064.62249994
281 285 230415064.62249994
69 68 242100565.8125
145 68 246362468.69
281 74 254146158.31
281 73 257984221.90250003
281 211 259938558.3125
281 144 263131842.14749998
281 282 265901210.5
70 3 268362297.39
74 68 269185978.34749997
281 140 269367617.885
281 281 272113539.1475
281 215 278160769.0625
2 69 280534867.53499997
281 69 295045693.6775
281 3 295142205.9375
281 286 305947401.8125
212 3 341835557.25
287 216 354050460.9475
216 216 440086819.64
287 139 490042519.1275
145 216 499307663.1875
282 216 546972215.6725
74 216 551970767.24
211 216 562474152.035
140 216 584482934.54
283 216 586937393.6899999
